# BEB ionization cross sections for Ne
# Energy[eV]  Total_cross_section[Ang^2]
   11.781446  1.380859e-02
   12.047337  5.141229e-02
   12.319229  9.096579e-02
   12.597257  1.322909e-01
   12.881560  1.752202e-01
   13.172280  2.195967e-01
   13.469560  2.652729e-01
   13.773550  3.121103e-01
   14.084400  3.599791e-01
   14.402266  4.087573e-01
   14.727305  4.583304e-01
   15.059680  5.085909e-01
   15.399557  5.594378e-01
   15.747104  6.107766e-01
   16.102495  6.625182e-01
   16.465906  7.145790e-01
   16.837519  7.668807e-01
   17.217519  8.193495e-01
   17.606095  8.719162e-01
   18.003441  9.245157e-01
   18.409754  9.770868e-01
   18.825237  1.029572e+00
   19.250097  1.081917e+00
   19.684545  1.134071e+00
   20.128799  1.185986e+00
   20.583078  1.237617e+00
   21.047610  1.288922e+00
   21.522626  1.339860e+00
   22.008363  1.390393e+00
   22.505061  1.440487e+00
   23.012970  1.490106e+00
   23.532342  1.539221e+00
   24.063434  1.587800e+00
   24.606513  1.635815e+00
   25.161849  1.683240e+00
   25.729718  1.730050e+00
   26.310402  1.776220e+00
   26.904192  1.824490e+00
   27.511383  1.872953e+00
   28.132278  1.920882e+00
   28.767185  1.968239e+00
   29.416421  2.014991e+00
   30.080310  2.061106e+00
   30.759182  2.106552e+00
   31.453374  2.151301e+00
   32.163234  2.195327e+00
   32.889115  2.238604e+00
   33.631377  2.281108e+00
   34.390392  2.322817e+00
   35.166536  2.363710e+00
   35.960197  2.403767e+00
   36.771770  2.442970e+00
   37.601658  2.481302e+00
   38.450277  2.518747e+00
   39.318047  2.555289e+00
   40.205402  2.590915e+00
   41.112783  2.625612e+00
   42.040643  2.659369e+00
   42.989443  2.692174e+00
   43.959656  2.724017e+00
   44.951766  2.754889e+00
   45.966266  2.784782e+00
   47.003662  2.813689e+00
   48.064471  2.841603e+00
   49.149220  2.868519e+00
   50.258451  2.894431e+00
   51.392716  2.919336e+00
   52.552580  2.943229e+00
   53.738620  2.966109e+00
   54.951428  2.987973e+00
   56.191607  3.008820e+00
   57.459775  3.028650e+00
   58.756564  3.047462e+00
   60.082619  3.065258e+00
   61.438602  3.082039e+00
   62.825188  3.097807e+00
   64.243067  3.112565e+00
   65.692945  3.126316e+00
   67.175546  3.139065e+00
   68.691606  3.150815e+00
   70.241883  3.161573e+00
   71.827146  3.171343e+00
   73.448187  3.180133e+00
   75.105813  3.187949e+00
   76.800849  3.194799e+00
   78.534140  3.200691e+00
   80.306548  3.205633e+00
   82.118958  3.209635e+00
   83.972271  3.212706e+00
   85.867411  3.214855e+00
   87.805321  3.216095e+00
   89.786968  3.216435e+00
   91.813338  3.215887e+00
   93.885440  3.214464e+00
   96.004306  3.212177e+00
   98.170993  3.209038e+00
  100.386579  3.205062e+00
  102.652167  3.200262e+00
  104.968887  3.194651e+00
  107.337892  3.188244e+00
  109.760362  3.181056e+00
  112.237504  3.173100e+00
  114.770552  3.164392e+00
  117.360767  3.154948e+00
  120.009440  3.144783e+00
  122.717889  3.133913e+00
  125.487465  3.122354e+00
  128.319547  3.110122e+00
  131.215544  3.097235e+00
  134.176900  3.083708e+00
  137.205090  3.069558e+00
  140.301623  3.054803e+00
  143.468039  3.039459e+00
  146.705918  3.023543e+00
  150.016871  3.007073e+00
  153.402547  2.990066e+00
  156.864634  2.972540e+00
  160.404855  2.954511e+00
  164.024975  2.935996e+00
  167.726795  2.917015e+00
  171.512161  2.897583e+00
  175.382957  2.877718e+00
  179.341111  2.857437e+00
  183.388596  2.836757e+00
  187.527427  2.815696e+00
  191.759666  2.794270e+00
  196.087421  2.772497e+00
  200.512847  2.750393e+00
  205.038149  2.727974e+00
  209.665581  2.705257e+00
  214.397448  2.682259e+00
  219.236107  2.658996e+00
  224.183968  2.635482e+00
  229.243495  2.611735e+00
  234.417208  2.587770e+00
  239.707686  2.563698e+00
  245.117562  2.539515e+00
  250.649532  2.515168e+00
  256.306351  2.490669e+00
  262.090836  2.466032e+00
  268.005870  2.441270e+00
  274.054398  2.416397e+00
  280.239432  2.391425e+00
  286.564055  2.366368e+00
  293.031416  2.341236e+00
  299.644736  2.316043e+00
  306.407310  2.290818e+00
  313.322506  2.265577e+00
  320.393769  2.240312e+00
  327.624620  2.215032e+00
  335.018662  2.189749e+00
  342.579577  2.164474e+00
  350.311132  2.139216e+00
  358.217178  2.113985e+00
  366.301652  2.088790e+00
  374.568582  2.063642e+00
  383.022085  2.038548e+00
  391.666372  2.013519e+00
  400.505749  1.988562e+00
  409.544619  1.963685e+00
  418.787484  1.938897e+00
  428.238948  1.914204e+00
  437.903718  1.889615e+00
  447.786609  1.865137e+00
  457.892543  1.840776e+00
  468.226555  1.816539e+00
  478.793791  1.792432e+00
  489.599516  1.768462e+00
  500.649111  1.744634e+00
  511.948080  1.720953e+00
  523.502051  1.697425e+00
  535.316780  1.674055e+00
  547.398151  1.650848e+00
  559.752183  1.627808e+00
  572.385028  1.604940e+00
  585.302979  1.582247e+00
  598.512471  1.559734e+00
  612.020083  1.537403e+00
  625.832543  1.515260e+00
  639.956732  1.493305e+00
  654.399685  1.471544e+00
  669.168595  1.449978e+00
  684.270820  1.428610e+00
  699.713881  1.407443e+00
  715.505471  1.386478e+00
  731.653456  1.365717e+00
  748.165879  1.345163e+00
  765.050965  1.324818e+00
  782.317124  1.304681e+00
  799.972957  1.284756e+00
  818.027258  1.265043e+00
  836.489020  1.245543e+00
  855.367439  1.226257e+00
  874.671919  1.207186e+00
  894.412074  1.188330e+00
  914.597737  1.169689e+00
  935.238963  1.151265e+00
  956.346034  1.133057e+00
  977.929463  1.115066e+00
 1000.000000  1.097290e+00
